Time	Temp	Blank	D5	D6	D7	E5	E6	E7	F5	F6	F7
0:29:16	34.0	0.090	0.112	0.106	0.098	0.097	0.096	0.096	0.095	0.101	0.093
0:59:16	34.0	0.090	0.118	0.107	0.100	0.098	0.103	0.099	0.098	0.105	0.100
1:29:16	33.9	0.090	0.136	0.122	0.116	0.108	0.118	0.113	0.108	0.116	0.114
1:59:16	34.0	0.090	0.169	0.165	0.156	0.136	0.157	0.148	0.130	0.144	0.157
2:29:16	34.0	0.090	0.279	0.271	0.248	0.206	0.252	0.236	0.186	0.220	0.263
2:59:16	33.9	0.090	0.530	0.463	0.450	0.357	0.447	0.420	0.312	0.373	0.512
3:29:16	34.0	0.091	0.725	0.678	0.697	0.572	0.674	0.662	0.505	0.607	0.708
3:59:16	33.9	0.091	0.873	0.852	0.825	0.783	0.858	0.804	0.717	0.782	0.823
4:29:16	34.0	0.091	0.937	0.968	0.945	0.919	0.930	0.941	0.894	0.924	0.933
4:59:16	33.9	0.091	1.015	1.025	0.994	0.989	1.011	0.982	0.969	0.999	1.022
5:29:16	34.1	0.091	1.057	1.060	1.041	1.052	1.031	1.037	1.041	1.048	1.061
5:59:16	34.0	0.091	1.095	1.070	1.078	1.066	1.049	1.047	1.073	1.063	1.080
6:29:16	34.0	0.091	1.129	1.095	1.111	1.077	1.068	1.072	1.085	1.074	1.071
6:59:16	34.0	0.091	1.155	1.118	1.136	1.084	1.080	1.104	1.086	1.084	1.091
7:29:16	34.0	0.091	1.179	1.140	1.152	1.103	1.092	1.101	1.106	1.103	1.083
7:59:16	34.0	0.091	1.200	1.146	1.176	1.118	1.107	1.103	1.127	1.115	1.085
8:29:16	33.9	0.091	1.233	1.183	1.210	1.162	1.132	1.129	1.172	1.156	1.102
8:59:16	34.0	0.091	1.251	1.212	1.239	1.200	1.167	1.142	1.215	1.196	1.130
9:29:16	34.0	0.091	1.210	1.238	1.268	1.234	1.188	1.175	1.248	1.228	1.142
9:59:16	34.0	0.091	1.226	1.254	1.286	1.266	1.205	1.187	1.275	1.253	1.158
10:29:16	33.9	0.091	1.248	1.278	1.305	1.288	1.234	1.205	1.298	1.274	1.179
10:59:16	34.0	0.091	1.262	1.293	1.324	1.311	1.254	1.222	1.337	1.293	1.208
11:29:16	33.9	0.092	1.274	1.311	1.343	1.326	1.277	1.234	1.379	1.313	1.233
11:59:16	34.0	0.091	1.296	1.326	1.379	1.340	1.295	1.252	1.427	1.335	1.250
12:29:16	34.0	0.092	1.342	1.328	1.460	1.378	1.315	1.314	1.450	1.398	1.263
12:59:16	34.0	0.092	1.439	1.395	1.468	1.398	1.340	1.357	1.461	1.423	1.287
13:29:16	34.1	0.091	1.454	1.404	1.500	1.446	1.370	1.365	1.493	1.429	1.479
13:59:16	33.9	0.091	1.494	1.416	1.505	1.460	1.381	1.368	1.499	1.446	1.514
14:29:16	34.0	0.091	1.505	1.436	1.507	1.482	1.382	1.415	1.506	1.455	1.489
14:59:16	33.9	0.091	1.514	1.443	1.518	1.491	1.394	1.420	1.509	1.464	1.591
15:29:16	34.0	0.091	1.525	1.494	1.519	1.497	1.403	1.425	1.519	1.477	1.478
15:59:16	34.0	0.091	1.518	1.549	1.521	1.506	1.415	1.434	1.524	1.484	1.492
16:29:16	33.9	0.091	1.524	1.549	1.522	1.519	1.432	1.451	1.524	1.491	1.498
16:59:16	34.1	0.091	1.528	1.551	1.523	1.548	1.427	1.457	1.527	1.498	1.593
17:29:16	34.0	0.091	1.529	1.554	1.523	1.552	1.452	1.534	1.527	1.504	1.517
17:59:16	34.0	0.091	1.528	1.557	1.525	1.552	1.503	1.609	1.529	1.558	1.564
18:29:16	34.0	0.091	1.530	1.559	1.525	1.555	1.506	1.537	1.530	1.555	1.535
18:59:16	34.0	0.090	1.530	1.562	1.523	1.558	1.553	1.538	1.528	1.557	1.513
19:29:16	34.0	0.090	1.533	1.567	1.527	1.562	1.553	1.538	1.529	1.537	1.790
19:59:16	33.9	0.090	1.540	1.571	1.529	1.563	1.553	1.546	1.532	1.542	1.562
20:29:16	34.1	0.090	1.541	1.573	1.532	1.569	1.562	1.556	1.537	1.546	1.542
20:59:16	33.9	0.090	1.546	1.577	1.543	1.571	1.573	1.560	1.542	1.556	1.576
21:29:16	33.9	0.090	1.546	1.587	1.540	1.578	1.570	1.565	1.549	1.563	1.722
21:59:16	34.0	0.089	1.551	1.585	1.543	1.587	1.597	1.577	1.556	1.572	1.444
22:29:16	33.9	0.089	1.549	1.587	1.544	1.591	1.606	1.553	1.564	1.578	1.572
22:59:16	34.0	0.089	1.552	1.586	1.534	1.591	1.591	1.535	1.564	1.579	1.320
23:29:16	33.9	0.088	1.544	1.587	1.534	1.592	1.574	1.524	1.564	1.580	1.293
23:59:16	34.0	0.088	1.537	1.583	1.524	1.587	1.547	1.498	1.557	1.580	1.311
24:29:16	34.0	0.088	1.534	1.577	1.517	1.585	1.554	1.477	1.555	1.573	1.233