Time	Blank	D5	D6	D7	E5	E6	E7	F5	F6	F7
0:29:16	0.000	0.005	0.007	0.006	0.008	0.004	0.016	0.004	0.009	0.005
0:59:16	0.000	0.008	0.010	0.008	0.010	0.011	0.018	0.007	0.012	0.007
1:29:16	0.000	0.014	0.018	0.015	0.016	0.013	0.024	0.015	0.019	0.013
1:59:16	0.000	0.033	0.035	0.033	0.034	0.031	0.040	0.030	0.033	0.028
2:29:16	0.000	0.072	0.060	0.059	0.064	0.058	0.066	0.064	0.064	0.058
2:59:16	0.000	0.140	0.114	0.118	0.124	0.119	0.123	0.130	0.124	0.113
3:29:16	0.000	0.293	0.236	0.262	0.271	0.261	0.231	0.280	0.241	0.235
3:59:16	0.000	0.481	0.411	0.475	0.463	0.440	0.406	0.483	0.421	0.420
4:29:16	0.000	0.650	0.596	0.641	0.649	0.622	0.579	0.649	0.621	0.639
4:59:16	0.000	0.764	0.729	0.761	0.749	0.762	0.691	0.744	0.742	0.753
5:29:16	0.000	0.829	0.857	0.827	0.808	0.830	0.799	0.828	0.834	0.843
5:59:16	0.000	0.875	0.932	0.893	0.870	0.879	0.882	0.898	0.897	0.912
6:29:16	0.000	0.914	0.980	0.931	0.916	0.939	0.913	0.946	0.949	0.989
6:59:16	0.000	1.008	1.000	1.021	1.042	0.974	0.987	1.026	1.034	1.027
7:29:16	0.000	1.209	1.046	1.119	1.186	1.123	1.059	1.056	1.071	1.087
7:59:16	0.000	1.324	1.079	1.202	1.242	1.303	1.148	1.090	1.085	1.116
8:29:16	0.000	1.359	1.121	1.184	1.266	1.325	1.149	1.116	1.094	1.156
8:59:16	0.000	1.409	1.144	1.244	1.327	1.398	1.250	1.217	1.162	1.225
9:29:16	0.000	1.441	1.166	1.292	1.367	1.332	1.296	1.256	1.179	1.253
9:59:16	0.000	1.470	1.168	1.332	1.394	1.368	1.300	1.279	1.211	1.276
10:29:16	0.000	1.479	1.218	1.345	1.407	1.403	1.303	1.294	1.258	1.303
10:59:16	0.000	1.475	1.236	1.374	1.426	1.437	1.319	1.317	1.308	1.323
11:29:16	0.000	1.476	1.244	1.382	1.436	1.461	1.318	1.331	1.313	1.333
11:59:16	0.000	1.468	1.246	1.400	1.456	1.470	1.331	1.342	1.349	1.345
12:29:16	0.000	1.463	1.260	1.405	1.366	1.484	1.325	1.363	1.367	1.357
12:59:16	0.000	1.458	1.262	1.420	1.373	1.491	1.323	1.374	1.373	1.365
13:29:16	0.000	1.455	1.256	1.426	1.376	1.494	1.324	1.377	1.381	1.368
13:59:16	0.000	1.456	1.257	1.441	1.378	1.508	1.324	1.385	1.392	1.376
14:29:16	0.000	1.459	1.298	1.445	1.375	1.509	1.328	1.385	1.401	1.381
14:59:16	0.000	1.454	1.323	1.452	1.387	1.513	1.335	1.388	1.406	1.381
15:29:16	0.000	1.456	1.353	1.457	1.385	1.520	1.332	1.385	1.405	1.382
15:59:16	0.000	1.455	1.419	1.472	1.394	1.523	1.336	1.384	1.412	1.381
16:29:16	0.000	1.457	1.476	1.482	1.394	1.524	1.343	1.382	1.406	1.377
16:59:16	0.000	1.452	1.508	1.489	1.414	1.524	1.341	1.384	1.413	1.376
17:29:16	0.000	1.460	1.458	1.524	1.475	1.529	1.365	1.377	1.396	1.370
17:59:16	0.000	1.455	1.437	1.522	1.269	1.558	1.372	1.377	1.407	1.370
18:29:16	0.000	1.458	1.421	1.493	1.283	1.357	1.390	1.368	1.391	1.365
18:59:16	0.000	1.458	1.367	1.471	1.320	1.372	1.405	1.371	1.396	1.359
19:29:16	0.000	1.456	1.335	1.434	1.336	1.361	1.408	1.359	1.383	1.353
19:59:16	0.000	1.448	1.455	1.420	1.318	1.353	1.421	1.361	1.387	1.349
20:29:16	0.000	1.441	1.613	1.414	1.330	1.214	1.403	1.344	1.370	1.342
20:59:16	0.000	1.413	1.520	1.406	1.336	1.474	1.425	1.340	1.369	1.328
21:29:16	0.000	1.454	1.064	1.405	1.361	1.127	1.413	1.324	1.357	1.317
21:59:16	0.000	1.271	0.911	1.401	1.352	1.214	1.445	1.323	1.354	1.308
22:29:16	0.000	1.428	1.561	1.405	1.353	1.593	1.409	1.305	1.337	1.297
22:59:16	0.000	1.644	1.805	1.406	1.370	1.308	1.442	1.295	1.330	1.282
23:29:16	0.000	1.295	1.764	1.409	1.349	1.582	1.405	1.281	1.324	1.268
23:59:16	0.000	1.285	1.847	1.415	1.364	1.466	1.414	1.267	1.319	1.248