Time	Temp	Blank	D5	D6	D7	E5	E6	E7	F5	F6	F7
0:29:16	28.0	0.086	0.088	0.088	0.087	0.088	0.091	0.087	0.090	0.088	0.088
0:59:16	28.0	0.086	0.091	0.089	0.089	0.090	0.091	0.088	0.091	0.089	0.090
1:29:16	28.0	0.086	0.093	0.094	0.093	0.093	0.094	0.092	0.095	0.092	0.094
1:59:16	28.0	0.086	0.100	0.101	0.101	0.101	0.101	0.099	0.101	0.098	0.100
2:29:16	27.9	0.086	0.106	0.108	0.111	0.106	0.105	0.105	0.108	0.101	0.109
2:59:16	28.0	0.086	0.117	0.121	0.138	0.120	0.115	0.121	0.116	0.106	0.133
3:29:16	28.0	0.086	0.150	0.157	0.178	0.154	0.154	0.157	0.146	0.134	0.153
3:59:16	28.0	0.086	0.218	0.235	0.269	0.230	0.192	0.221	0.211	0.172	0.216
4:29:16	28.0	0.086	0.366	0.371	0.424	0.376	0.320	0.358	0.328	0.265	0.351
4:59:16	28.0	0.086	0.546	0.573	0.636	0.559	0.455	0.528	0.507	0.425	0.556
5:29:16	28.0	0.086	0.744	0.751	0.788	0.750	0.677	0.746	0.678	0.640	0.745
5:59:16	28.0	0.086	0.828	0.874	0.899	0.878	0.861	0.864	0.788	0.769	0.839
6:29:16	28.0	0.086	0.905	0.931	0.969	0.924	0.925	0.893	0.869	0.797	0.872
6:59:16	28.0	0.086	0.989	0.989	1.001	0.995	0.965	0.995	0.958	0.924	0.975
7:29:16	27.9	0.086	1.015	0.989	1.075	1.020	0.960	1.008	0.956	0.979	1.008
7:59:16	28.0	0.086	1.040	1.045	1.085	1.027	1.189	1.037	0.992	1.016	1.016
8:29:16	28.0	0.086	1.026	1.187	1.099	1.013	1.301	1.049	1.034	1.096	1.047
8:59:16	28.0	0.086	1.065	1.135	1.104	1.125	1.339	1.053	1.137	1.247	1.192
9:29:16	28.0	0.086	1.044	1.293	1.211	1.272	1.360	1.034	1.173	1.296	1.296
9:59:16	28.0	0.086	1.261	1.421	1.257	1.352	1.376	1.125	1.228	1.333	1.336
10:29:16	28.0	0.086	1.355	1.450	1.253	1.397	1.379	1.236	1.273	1.365	1.350
10:59:16	28.0	0.086	1.408	1.473	1.413	1.409	1.379	1.289	1.298	1.373	1.373
11:29:16	27.9	0.086	1.477	1.507	1.390	1.419	1.388	1.315	1.316	1.386	1.373
11:59:16	28.0	0.086	1.515	1.510	1.392	1.420	1.393	1.343	1.327	1.390	1.378
12:29:16	27.9	0.086	1.542	1.513	1.421	1.427	1.389	1.357	1.341	1.387	1.379
12:59:16	28.0	0.086	1.556	1.508	1.424	1.430	1.389	1.375	1.355	1.397	1.385
13:29:16	28.0	0.086	1.570	1.510	1.433	1.432	1.391	1.385	1.370	1.402	1.388
13:59:16	28.0	0.086	1.577	1.517	1.439	1.441	1.393	1.400	1.372	1.405	1.391
14:29:16	28.0	0.086	1.593	1.521	1.448	1.441	1.392	1.344	1.384	1.407	1.395
14:59:16	28.0	0.086	1.598	1.525	1.432	1.449	1.391	1.361	1.393	1.414	1.395
15:29:16	28.0	0.086	1.605	1.514	1.433	1.453	1.393	1.380	1.402	1.420	1.396
15:59:16	28.0	0.086	1.599	1.473	1.434	1.455	1.395	1.409	1.410	1.420	1.397
16:29:16	27.9	0.086	1.593	1.361	1.429	1.457	1.401	1.408	1.416	1.426	1.395
16:59:16	28.0	0.086	1.597	1.390	1.420	1.460	1.402	1.407	1.424	1.428	1.397
17:29:16	28.0	0.086	1.571	1.404	1.336	1.462	1.408	1.414	1.425	1.432	1.392
17:59:16	28.0	0.086	1.544	1.410	1.320	1.461	1.405	1.396	1.427	1.433	1.391
18:29:16	28.0	0.086	1.467	1.437	1.217	1.461	1.416	1.420	1.428	1.437	1.385
18:59:16	27.9	0.086	1.449	1.455	1.131	1.457	1.412	1.400	1.425	1.431	1.379
19:29:16	27.9	0.086	1.471	1.471	0.995	1.452	1.407	1.397	1.429	1.434	1.368
19:59:16	28.0	0.086	1.476	1.491	1.468	1.446	1.406	1.456	1.417	1.433	1.355
20:29:16	28.0	0.086	1.485	1.499	1.545	1.437	1.406	1.482	1.410	1.416	1.341
20:59:16	28.0	0.086	1.493	1.482	1.544	1.432	1.400	1.505	1.404	1.412	1.335
21:29:16	28.0	0.086	1.485	1.563	1.531	1.420	1.391	1.598	1.398	1.401	1.329
21:59:16	28.0	0.086	1.512	1.565	1.493	1.413	1.387	1.424	1.392	1.396	1.321
22:29:16	28.0	0.086	1.502	1.555	1.538	1.397	1.378	1.440	1.384	1.384	1.317
22:59:16	28.0	0.086	1.521	1.544	1.536	1.398	1.371	1.452	1.375	1.378	1.316
23:29:16	28.0	0.086	1.558	1.544	1.542	1.390	1.364	1.443	1.579	1.355	1.316
23:59:16	28.0	0.086	1.547	1.547	1.518	1.383	1.359	1.360	1.576	1.348	1.317