Time	Temp	Blank	D5	D6	D7	E5	E6	E7	F5	F6	F7
0:29:16	24.0	0.089	0.089	0.090	0.089	0.090	0.092	0.088	0.089	0.090	0.087
0:59:16	24.0	0.090	0.090	0.091	0.089	0.090	0.092	0.088	0.090	0.090	0.087
1:29:16	24.0	0.088	0.091	0.092	0.090	0.091	0.092	0.088	0.090	0.091	0.088
1:59:16	24.0	0.088	0.092	0.094	0.091	0.092	0.094	0.089	0.092	0.092	0.090
2:29:16	24.0	0.088	0.095	0.097	0.094	0.094	0.097	0.093	0.094	0.096	0.093
2:59:16	24.0	0.088	0.100	0.103	0.100	0.099	0.102	0.097	0.098	0.101	0.097
3:29:16	24.0	0.088	0.107	0.110	0.109	0.104	0.110	0.104	0.106	0.106	0.104
3:59:16	24.0	0.088	0.114	0.116	0.119	0.112	0.118	0.116	0.111	0.114	0.108
4:29:16	24.0	0.088	0.124	0.132	0.136	0.121	0.127	0.126	0.120	0.124	0.120
4:59:16	24.0	0.088	0.139	0.153	0.165	0.131	0.143	0.143	0.136	0.142	0.132
5:29:16	24.0	0.088	0.174	0.189	0.203	0.158	0.187	0.177	0.164	0.169	0.161
5:59:16	24.0	0.089	0.222	0.242	0.271	0.195	0.239	0.229	0.206	0.220	0.210
6:29:16	24.0	0.088	0.313	0.328	0.369	0.256	0.325	0.320	0.277	0.300	0.267
6:59:16	24.0	0.088	0.404	0.435	0.483	0.351	0.435	0.414	0.367	0.380	0.365
7:29:16	24.0	0.088	0.550	0.569	0.642	0.462	0.572	0.557	0.497	0.522	0.489
7:59:16	24.0	0.088	0.690	0.734	0.799	0.603	0.706	0.708	0.648	0.684	0.628
8:29:16	24.0	0.089	0.822	0.855	0.904	0.757	0.829	0.829	0.805	0.824	0.774
8:59:16	24.0	0.088	0.926	0.931	0.977	0.870	0.918	0.922	0.884	0.902	0.863
9:29:16	24.0	0.088	0.997	1.000	1.027	0.944	0.992	0.996	0.949	0.956	0.950
9:59:16	24.0	0.088	1.011	1.009	1.042	0.974	0.999	1.029	1.007	0.978	0.987
10:29:16	24.0	0.088	1.055	1.037	1.064	1.006	1.017	1.054	1.032	1.012	1.014
10:59:16	24.0	0.088	1.041	1.008	1.045	1.025	1.017	1.051	1.075	1.029	1.063
11:29:16	24.0	0.088	1.072	1.018	1.032	1.048	0.991	1.041	1.061	1.081	1.069
11:59:16	23.9	0.088	1.066	1.036	1.003	1.111	0.962	1.035	1.071	1.173	1.038
12:29:16	24.0	0.088	1.020	1.152	0.985	1.172	1.028	1.081	1.081	1.258	1.049
12:59:16	24.0	0.088	0.988	1.208	0.974	1.243	1.118	1.131	1.138	1.281	1.150
13:29:16	24.0	0.089	0.945	1.267	0.978	1.281	1.206	1.210	1.222	1.311	1.228
13:59:16	24.0	0.088	0.890	1.284	1.023	1.298	1.229	1.275	1.267	1.319	1.280
14:29:16	24.0	0.089	0.896	1.313	1.090	1.303	1.265	1.309	1.318	1.327	1.321
14:59:16	24.0	0.089	0.898	1.300	1.185	1.307	1.285	1.330	1.351	1.324	1.353
15:29:16	24.0	0.089	0.900	1.303	1.195	1.315	1.288	1.336	1.360	1.324	1.351
15:59:16	24.0	0.089	0.953	1.312	1.215	1.312	1.292	1.335	1.371	1.330	1.360
16:29:16	24.0	0.089	1.003	1.309	1.235	1.309	1.289	1.331	1.384	1.326	1.347
16:59:16	24.0	0.089	1.038	1.312	1.245	1.315	1.286	1.331	1.385	1.329	1.356
17:29:16	24.0	0.089	1.082	1.311	1.259	1.314	1.284	1.331	1.398	1.331	1.345
17:59:16	24.0	0.089	1.117	1.314	1.277	1.315	1.289	1.326	1.404	1.326	1.352
18:29:16	24.0	0.089	1.123	1.317	1.287	1.315	1.290	1.329	1.413	1.326	1.341
18:59:16	23.9	0.089	1.135	1.319	1.301	1.316	1.289	1.327	1.407	1.325	1.343
19:29:16	24.0	0.089	1.147	1.318	1.309	1.314	1.293	1.327	1.410	1.325	1.339
19:59:16	24.0	0.089	1.160	1.327	1.316	1.322	1.291	1.332	1.408	1.332	1.332
20:29:16	24.0	0.089	1.183	1.327	1.322	1.315	1.287	1.328	1.408	1.328	1.332
20:59:16	24.0	0.089	1.172	1.331	1.329	1.317	1.286	1.334	1.408	1.333	1.334
21:29:16	24.0	0.089	1.190	1.331	1.313	1.313	1.285	1.333	1.406	1.329	1.333
21:59:16	24.0	0.089	1.164	1.329	1.317	1.316	1.287	1.336	1.401	1.331	1.337
22:29:16	24.0	0.088	1.170	1.329	1.319	1.314	1.286	1.333	1.398	1.328	1.324
22:59:16	24.0	0.088	1.165	1.326	1.320	1.321	1.284	1.330	1.395	1.330	1.319
23:29:16	24.0	0.089	1.164	1.315	1.323	1.312	1.279	1.329	1.389	1.327	1.318
23:59:16	24.1	0.089	1.154	1.317	1.255	1.309	1.278	1.330	1.386	1.324	1.313